0.28561944
0.3828985
0.3619607
0.3917511
0.35982904
0.35355052
0.35194236
0.39601305
0.40568468
0.35867104
0.333132
0.34063673
0.4088904
0.40051016
0.3146658
0.33900332
0.37931997
0.39680645
0.3781516
0.39079705
0.40723565
0.30793113
0.3166138
0.32645792
0.4046469
0.35665646
0.35761845
0.32107818
0.30925742
0.31645545
0.3625277
0.32466656
0.32687595
0.33234903
0.35818067
0.3399599
0.40621763
0.38721046
0.36946103
0.35770917
0.35897243
0.3784706
0.3443171
0.35738525
0.36134276
0.34549755
0.30374634
0.35085022
0.43552613
0.35327664
0.37440497
0.4768427
0.31679803
0.339452
0.33502653
0.41181353
0.36553743
0.33716598
0.40607548
0.3925212
0.4023588
0.37541285
0.37354296
0.35712463
0.36704326
0.35136363
0.33938026
0.33187822
0.36492428
0.30973014
0.3575488
0.3346548
0.34397578
0.42375875
0.34069178
0.39893404
0.39518955
0.36762187
0.3630889
0.34717333
0.40839094
0.3169422
0.36117196
0.29377475
0.38250116
0.39032537
0.47476834
0.3745763
0.37316516
0.4599801
0.41595876
0.31426507
0.34362358
0.3225551
0.3110178
0.3758282
0.34498
0.31795114
0.35207486
0.3089305
0.42835733
0.32892215
0.36105594
0.36462846
0.34290817
0.3670695
0.35571623
0.38739118
0.4172143
0.2938933
0.31512377
0.36856556
0.36356324
0.32683828
0.3980745
0.3588397
0.38683325
0.4362203
0.34379768
0.3813047
0.41288093
0.36785713
0.51043206
0.39097044
0.33351249
0.38716203
0.36697268
0.3729943
0.3369964
0.36727318
0.34831482
0.35613856
0.3178748
0.37350565
0.3249584
0.3952162
0.3768349
0.3317798
0.29134652
0.3264298
0.3491139
0.33975637
0.3738032
0.36425352
0.3345342
0.3429915
0.29479313
0.39278352
0.32445008
0.38717756
0.35481563
0.33016062
0.34795347
0.33941075
0.46463263
0.31796393
0.4027736
0.31568846
0.36916235
0.33341247
0.3587133
0.345257
0.36082652
0.34853315
0.37393317
0.32271075
0.34679928
0.44977564
0.32464653
0.36218038
0.37078232
0.3613792
0.39905798
0.41923732
0.3543275
0.3549809
0.3190405
0.42540926
0.37776488
0.38405463
0.39960533
0.4223529
0.3839891
0.34922132
0.4082168
0.31415617
0.32128206
0.39404446
0.35517934
0.39762127
0.35841605
0.26126
0.35128334
0.344459
0.29526392
0.33095372
0.33981776
0.39806402
0.36390218
0.34447184
0.34314376
0.4008086
0.31092224
0.36488274
0.331465
0.35813478
0.34003243
0.32753474
0.34817415
0.3518103
0.39096388
0.42837843
0.36905614
0.3457429
0.33749825
0.363091
0.33076242
0.3155903
0.39844996
0.375252
0.3113516
0.33716127
0.3149773
0.3060914
0.33700714
0.34009358
0.35555243
0.37029052
0.38388932
0.35075107
0.34461012
0.48845804
0.28258848
0.32616466
0.3289193
0.34613425
0.39753768
0.40623438
0.41588047
0.3773199
0.38216674
0.3535114
0.34150937
0.3225395
0.3665041
0.32960427
0.36141393
0.32465982
0.35077682
0.39933062
0.4241722
0.344588
0.4069278
0.3052877
0.35718256
0.321345
0.3925707
0.34127897
0.46032575
0.3515554
0.3822648
0.42520544
0.35023576
0.3191284
0.30403706
0.35521412
0.33706644
0.35661626
0.333272
0.32711807
0.3644591
0.3969394
0.3597084
0.33623633
0.32707858
0.3570498
0.35468024
0.39625168
0.39546618
0.33448985
0.35725626
0.28367487
0.3720152
0.35229442
0.37058145
0.33896884
0.36581045
0.3364142
0.36640993
0.3586349
0.3488707
0.39384776
0.29447958
0.47671726
0.3662619
0.34307978
0.38852382
0.3518633
0.35330665
0.3396256
0.3487903
0.41284233
0.32940993
0.3301432
0.3397809
0.42553744
0.35559544
0.354114
0.3114978
0.33717415
0.39266273
0.3534951
0.36377865
0.33694276
0.4797151
0.33214056
0.31337646
0.39600852
0.37586042
0.3548208
0.4082014
0.34721422
0.3290454
0.34267443
0.32540038
0.3524192
0.36514446
0.3972162
0.33683273
0.3330108
0.37491405
0.3603127
0.34081724
0.42440847
0.3578489
0.31008577
0.3042748
0.37706536
0.5152539
0.31222677
0.34711456
0.366928
0.3921364
0.4831537
0.39985728
0.35729548
0.35667127
0.3465439
0.39505348
0.31477717
0.3639534
0.37648416
0.44081625
0.35470125
0.3522483
0.36724678
0.29364616
0.33679533
0.33986384
0.3265365
0.30473328
0.3582295
0.2536969
0.32840016
0.344812
0.32969382
0.34419698
0.35909498
0.32771215
0.3626024
0.426387
0.358007
0.3377324
0.35808012
0.34164146
0.35292873
0.37018675
0.35126027
0.38434753
0.45811325
0.33959356
0.3526315
0.3722832
0.39645106
0.36592525
0.34661347
0.32982013
0.33419973
0.30267718
0.36190718
0.39933416
0.3278
0.41059712
0.39144036
0.36360556
0.36001953
0.33345997
0.3612041
0.3596849
0.3761472
0.34569836
0.34235802
0.33716002
0.34790304
0.36285177
0.38153175
0.35325873
0.36479405
0.3376453
0.33335403
0.349251
0.3311947
0.35761264
0.34906515
0.35718733
0.39771068
0.34273955
0.3918223
0.38875777
0.35602352
0.3604666
0.3513344
0.38667053
0.3610319
0.33795702
0.3318438
0.43123356
0.30386928
0.35952517
0.31549332
0.33363166
0.30530944
0.3476386
0.38301876
0.35002556
0.37171322
0.4249708
0.35311094
0.34176284
0.38962334
0.33104673
0.46010107
0.34621194
0.32659337
0.33128554
0.44234657
0.3658934
0.37600824
0.35906458
0.3238477
0.360861
0.3658125
0.3348424
0.3532439
0.37992683
0.34970734
0.33575672
0.3857733
0.32441375
0.34760064
0.38481247
0.32684165
0.3880025
0.32771525
0.30879626
0.35123688
0.32243347
0.33327794
0.34080774
0.3426538
0.39437935
0.3466569
0.41685125
0.36386552
0.346078
0.39290643
0.3417871
0.34404334
0.35839528
0.3541908
0.35027346
0.33919472
0.38709408
0.39522493
0.36129844
0.4162384
0.35618943
0.3005401
0.35537627
0.34816796
0.31602582
0.34726685
0.35992363
0.4811508
0.37550917
0.37162158
0.45150483
0.3722581
0.34426147
0.3676856
0.35912275
0.32475445
0.34602803
0.34256214
0.33997136
0.33729178
0.3562436
0.3621306
0.42890027
0.36853918
0.33279517
0.32950857
0.35903546
0.33653808
0.31105638
0.35193908
0.35498688
0.34994823
0.40047827
0.41643336
0.33552945
0.3671981
0.33765253
0.36300856
0.35445008
0.33029357
0.3666503
0.329279
0.36461017
0.33274838
0.35715643
0.38772276
0.33594912
0.37083542
0.372127
0.3882885
0.44032487
0.30340508
0.38091046
0.34784403
0.3331716
0.37041846
0.38452768
0.34224084
0.3504058
0.35517386
0.33868587
0.32592133
0.31427726
0.35406548
0.3407606
0.41256833
0.322386
0.30866253
0.35453612
0.4127815
0.41770005
0.3557765
0.35223258
0.3318058
0.3165814
0.40552494
0.36628667
0.35266075
0.33109683
0.35656834
0.40830398
0.33885902
0.40286928
0.32916623
0.3288431
0.29563615
0.414513
0.32266608
0.33809865
0.40617543
0.40797243
0.32990095
0.3413422
0.32700634
0.39848006
0.33902016
0.3344391
0.39123258
0.4164836
0.30196372
0.33473748
0.33849296
0.36723256
0.37244937
0.39963943
0.366085
0.34221113
0.3493208
0.40080354
0.33262518
0.42165893
0.35090783
0.32024014
0.3523023
0.3227559
0.36221012
0.36387217
0.37445554
0.31246686
0.34690183
0.34378746
0.36083773
0.34036332
0.37619087
0.38737386
0.31113222
0.39748758
0.3071271
0.39805067
0.3195476
0.3179961
0.36148143
0.43141124
0.34549975
0.33861864
0.3350579
0.3062922
0.3320289
0.3504419
0.3301483
0.36783728
0.39780843
0.35505545
0.31384024
0.35390964
0.37319636
0.3554926
0.31776473
0.3144747
0.37846583
0.35494453
0.38507318
0.39328408
0.34516275
0.38634112
0.37685725
0.40661168
0.3667102
0.40810916
0.31860152
0.3750777
0.33386052
0.32108834
0.34562787
0.3653989
0.4240839
0.43534228
0.33874753
0.33643904
0.49613214
0.3333927
0.29257894
0.3585952
0.3451384
0.4157495
0.3699598
0.35830894
0.31909958
0.3437253
0.34108382
0.36456737
0.3560467
0.3785083
0.27285355
0.37307033
0.37082344
0.31936717
0.34231722
0.30939427
0.36798987
0.39243636
0.36021093
0.3251955
0.34252843
0.34899306
0.36640322
0.37375262
0.33258122
0.35432655
0.37138063
0.3339881
0.35790476
0.4180049
0.33043364
0.36622992
0.39379737
0.3483982
0.37043935
0.32118273
0.3171952
0.3259191
0.389708
0.33999857
0.36905664
0.40300128
0.36042252
0.3337517
0.33448595
0.33186713
0.3754479
0.31307304
0.34890047
0.4021386
0.3779429
0.3384728
0.35137767
0.33842808
0.37294218
0.430575
0.37465653
0.37163505
0.31424344
0.35017937
0.3927583
0.37213728
0.3530828
0.31307152
0.37404406
0.31627128
0.33097035
0.3604507
0.34468034
0.3387373
0.3346373
0.3930366
0.35203654
0.3716861
0.32220814
0.36170378
0.34484193
0.41914684
0.526961
0.45954385
0.30461508
0.44803965
0.34230468
0.37333697
0.34283072
0.3520925
0.29600736
0.32524055
0.34492615
0.398205
0.3982976
0.37188688
0.2919985
0.36741388
0.32738534
0.39027455
0.35287553
0.3448403
0.3309141
0.32381704
0.371972
0.3390538
0.40357643
0.40742365
0.3598892
0.38074625
0.2971358
0.50781196
0.34175554
0.3361984
0.3557212
0.31165302
0.3329155
0.36668888
0.32961857
0.33386207
0.38769475
0.39793473
0.33494905
0.3183266
0.37223154
0.39006385
0.40052456
0.3676356
0.3509012
0.32462114
0.36268792
0.3846811
0.34618038
0.3660881
0.33386296
0.42777857
0.2741555
0.402405
0.344667
0.345257
0.33925143
0.32162425
0.43144697
0.3679551
0.3591317
0.3554532
0.3797358
0.3661597
0.35427976
0.3212364
0.3451604
0.42596355
0.31125253
0.34195194
0.34871632
0.3223009
0.33487433
0.3676103
0.30537465
0.30472735
0.3195041
0.3832997
0.31601995
0.3565324
0.38707134
0.32407328
0.32554904
0.3550278
0.3336418
0.30879185
0.3153529
0.3866188
0.30641624
0.33927995
0.3790808
0.39377257
0.33443385
0.38899562
0.338777
0.3220554
0.3369858
0.3262842
0.34636602
0.32610187
0.3360968
0.33563042
0.33547318
0.37901917
0.35109827
0.40236616
0.3597254
0.35607022
0.3863394
0.33351895
0.38130298
0.3030702
0.37846482
0.33668125
0.34255946
0.33023328
0.3494653
0.30943808
0.37567237
0.35981748
0.36921725
0.36860868
0.44144246
0.3180298
0.40794814
0.29311725
0.3148691
0.3717749
0.34927836
0.375208
0.36524338
0.3577697
0.38715616
0.36563352
0.3166404
0.34160218
0.31993204
0.38901362
0.43525037
0.3720769
0.34518915
0.31073567
0.35119808
0.33085868
0.36445957
0.3759557
0.35711226
0.339581
0.34493026
0.3561964
0.36767307
0.37078205
0.34916124
0.4578978
0.39445734
0.30695114
0.3813542
0.3623743
0.369548
0.34748992
0.29323784
0.35543
0.4434277
0.36036852
0.37488866
0.34125865
0.35510808
0.3210383
0.3415384
0.32203406
0.36716795
0.41389695
0.3537603
0.34109512
0.3633223
0.3614599
0.3324331
0.36403376
0.3967134
0.3765805
0.343967
0.3887269
0.3526782
0.44192535
0.35889775
0.37184247
0.31099212
0.29473937
0.39692274
0.4144091
0.31460336
0.41741002
0.35052758
0.34533796
0.32976797
0.35191905
0.34105015
0.3056322
0.36523688
0.3529777
0.42026064
0.357581
0.26003274
0.31476906
0.34257123
0.39049333
0.34182775
0.43001533
0.41734385
0.34201258
0.32902616
0.3961891
0.37698698
0.32863376
0.32061028
0.34891763
0.37224212
0.37390238
0.3826713
0.3523216
0.3077666
0.39163804
0.42649066
0.3778632
0.33812243
0.34401932
0.34762517
0.36203337
0.3548865
0.3558968
0.30268976
0.3238479
0.33413947
0.350368
0.3325588
0.32643813
0.31169787
0.37835225
0.38617024
0.3828441
0.32815525
0.38708484
0.33181933
0.33756602
0.33950996
0.34528044
0.33892813
0.36824006
0.34821117
0.3909036
0.35529038
0.4159007
0.31254336
0.44622546
0.38461095
0.3472014
0.35625294
0.32949603
0.38659206
0.37303898
0.40227467
0.3387935
0.3642975
0.32553026
0.32480982
0.4222455
0.35053426
0.42153984
0.3797052
0.30014297
0.3337175
0.35395285
0.44067037
0.37344286
0.3589466
0.38912722
0.39516467
0.29471076
0.30386242
0.37979066
0.405603
0.34622806
0.33853438
0.32622164
0.28634316
0.34735963
0.36271852
0.34048802
0.27210352
0.40053785
0.3624764
0.31634238
0.33444315
0.3427796
0.39398998
0.31120822
0.5916549
0.38076943
0.34560236
0.3445942
0.3323661
0.41353354
0.40877774
0.35590193
0.37270612
0.33241054
0.34880948
0.36371884
0.34231073
0.34090826
0.38347316
0.34755728
0.40474752
0.37226877
0.3114249
0.33644626
0.39114392
0.36349824
0.33986357
0.30739027
0.30550072
0.4219878
0.35296133
0.331293
0.33036396
0.35343817
0.3312555
0.405215
0.33327648
0.41055247
0.35304067
0.37898037
0.35229623
0.3387102
0.3369189
0.37417212
0.3597612
0.37101558
0.28974813
0.3660704
0.37032378
0.36049414
0.32281286
0.3165994
0.32131463
0.3493402
0.33124208
0.34117386
0.31330538
0.33453256
0.33117813
0.43889287
0.37478578
0.37096453
0.37671864
0.37345564
0.36662513
0.3516244
0.39160708
0.3444965
0.2985042
0.33044907
0.34125283
0.40105793
0.44753677
0.37798297
0.35511932
0.32891977
0.31674096
0.35045788
0.43664864
0.36607748
0.3253161
0.38696086
0.358081
0.361024
0.34556976
0.34756234
0.34444952
0.42429066
0.32660696
0.37015915
0.3071393
0.33415478
0.33622822
0.37957206
0.34542352
0.37490204
0.5276894
0.38528076
0.34077272
0.37871224
0.36522573
0.39974946
0.3842452
0.36370507
0.33637586
0.33126897
0.34719878
0.33133784
0.41992545
0.40958858
0.3547486
0.36703143
0.32114682
0.33082852
0.36802682
0.47515443
0.3381777
0.32903084
0.42549556
0.36849248
0.3372691
0.33807302
0.35317284
0.32173333
0.3418189
0.34158126
0.38297004
0.34398377
0.3675109
0.33555177
0.38141412
0.3852126
0.39554203
0.37466222
0.41756827
0.3654408
0.35471877
0.33446953
0.36924055
0.33233717
0.42910197
0.3716943
0.33426678
0.34547043
0.31928217
0.36134118
0.3903309
0.3702695
0.3310371
0.33292615
0.37845185
0.37238067
0.4993028
0.4394778
0.370389
0.35056883
0.38879097
0.35762417
0.2960109
0.28625983
0.33668256
0.35557786
0.34292415
0.32973412
0.37095597
0.33824134
0.3602247
0.3716799
0.3631892
0.3891213
0.3967076
0.31791094
0.37128863
0.3498034
0.4147343
0.44309184
0.32404387
0.33218345
0.38897043
0.28346902
0.39552653
0.38713312
0.27900547
0.36617836
0.41275558
0.3562043
0.35971698
0.4170276
0.29451108
0.31007293
0.3835002
0.42259791
0.3916978
0.38048056
0.34892422
0.3787634
0.39119247
0.31909096
0.28999355
0.35180914
0.4492013
0.3317385
0.37405625
0.34609225
0.38675714
0.37076187
0.3474901
0.34862784
0.34223753
0.32981792
0.30983043
0.3685425
0.3526867
0.25565237
0.32573655
0.357392
0.33080074
0.346572
0.3322922
0.36345282
0.32909518
0.42826712
0.35808676
0.3149326
0.36223993
0.39094317
0.3757189
0.3479595
0.28826421
0.35705465
0.38068756
0.36839604
0.3263309
0.35041943
0.3649514
0.3885417
0.37314758
0.38064304
0.27416658
0.34131768
0.40312323
0.30577886
0.3697781
0.36506537
0.35383293
0.35369283
0.3342362
0.3653638
0.34836465
0.3344696
0.41054016
0.3293723
0.3775733
0.32556117
0.375532
0.4543067
0.34535077
0.32993814
0.31910312
0.33030716
0.34252617
0.37444398
0.3492976
0.3083917
0.3857257
0.32634288
0.3013714
0.35793865
0.34010085
0.36728022
0.34892344
0.37073418
0.40434343
0.34760937
0.4221517
0.3392865
0.37165952
0.29769853
0.31160995
0.3686705
0.32060882
0.3577592
0.3495341
0.34946272
0.366553
0.3171954
0.33202606
0.37780598
0.40087655
0.38189358
0.38653082
0.3628933
0.34387967
0.34620517
0.34637707
0.32252815
0.31144765
0.3588388
0.34159368
0.40001538
0.30934554
0.5059882
0.3404591
0.32896987
0.34333757
0.38741964
0.35828984
0.3321494
0.43792918
0.3285624
0.38087094
0.34410584
0.36100587
0.38052848
0.35113537
0.41104597
0.3470753
0.33783582
0.3810273
0.3464689
0.43935785
0.35677332
0.34370935
0.34289157
0.34086254
0.35046598
0.32751882
0.33747807
0.33864728
0.3764503
0.2932328
0.31452236
0.32379898
0.3998492
0.3659466
0.35186732
0.3510641
0.31325746
0.35971498
0.3482968
0.38940403
0.33919644
0.36259365
0.34959468
0.32104242
0.35544547
0.4359316
0.36778867
0.31629062
0.29904687
0.37563962
0.36473647
0.39235166
0.33982143
0.35014343
0.31965956
0.39252564
0.3439313
0.32717547
0.2838713
0.34093264
0.36236203
0.42112514
0.34882876
0.40499052
0.40868104
0.383712
0.3502468
0.35250846
0.32991555
0.35001168
0.29914573
0.35692275
0.33854255
0.33102435
0.37177077
0.3408812
0.28578523
0.3576846
0.35874698
0.33041245
0.3367321
0.37987727
0.32155797
0.33083105
0.3362782
0.36328262
0.36893758
0.3034416
0.3870313
0.42213416
0.43607458
0.35540092
0.36005932
0.3933326
0.3617142
0.37440285
0.35782504
0.315278
0.37963971
0.40132782
0.35631922
0.4127929
0.41523105
0.373613
0.35485083
0.33885878
0.3493937
0.36969382
0.3454399
0.45241705
0.32256985
0.35239616
0.35502574
0.40930647
0.33901787
0.32023838
0.34059978
0.3376829
0.36682367
0.40689358
0.33200333
0.33354887
0.50796705
0.38262293
0.40482423
0.3369461
0.36167073
0.33325654
0.3684644
0.34851182
0.3896611
0.36500654
0.33875751
0.35464025
0.36120486
0.322809
0.3254357
0.33203983
0.3651507
0.34720227
0.33922195
0.38834876
0.33817083
0.32984507
0.36521837
0.39244816
0.36953282
0.33877176
0.3497751
0.37247533
0.48605824
0.3526145
0.28108728
0.30371982
0.42023066
0.37760478
0.36560884
0.327142
0.34306994
0.3679288
0.37600443
0.34318495
0.35523042
0.34809628
0.30806744
0.38269436
0.46886253
0.3451647
0.34313795
0.39989525
0.39777678
0.36148566
0.29943725
0.3093031
0.33675015
0.37155336
0.33333176
0.35138777
0.34810975
0.33683938
0.34633726
0.41748923
0.34837803
0.45095146
0.33400062
0.3973325
0.3146512
0.3935089
0.33621368
0.37561485
0.30520308
0.32572195
0.28118974
0.34866083
0.37520546
0.31872386
0.36814505
0.33721706
0.3218003
0.3414933
0.43245167
0.34026113
0.33752862
0.39609048
0.30534557
0.35948703
0.42251796
0.3241543
0.352289
0.38138875
0.36628902
0.3558526
0.4215758
0.3586588
0.311716
0.35450763
0.46081564
0.39840513
0.3366937
0.41562614
0.34413308
0.32428825
0.31288505
0.38155857
0.3587183
0.42586258
0.30939603
0.31823447
0.33511633
0.33282796
0.35461673
0.34555572
0.3024134
0.37300193
0.3550711
0.3505269
0.3027748
0.3818614
0.3434235
0.3748381
0.37120155
0.38648018
0.3446357
0.42549637
0.37388337
0.32536873
0.36392802
0.384124
0.40392122
0.39184803
0.3064671
0.37799907
0.34345365
0.31364486
0.33332777
0.30282846
0.4072363
0.3131116
0.34216487
0.3683789
0.3244212
0.3919595
0.29565942
0.37970537
0.51136863
0.36455584
0.36742872
0.35693765
0.36079568
0.39032304
0.36416656
0.38273942
0.45964575
0.35571545
0.47437492
0.35204443
0.3428213
0.4249593
0.34960574
0.36702248
0.36050928
0.36997947
0.35404897
0.36858708
0.36001873
0.34895918
0.3189051
0.356664
0.33957377
0.33039364
0.31775942
0.34080133
0.27840465
0.41756925
0.2708038
0.4347238
0.3534021
0.4154964
0.29743463
0.32963467
0.34009987
0.3892342
0.4048059
0.39988565
0.42225572
0.3766412
0.36848587
0.33258536
0.3431879
0.31916344
0.36795735
0.38774136
0.37112164
0.34633365
0.33695143
0.3157248
0.3715693
0.33396545
0.3539923
0.33126596
0.3530668
0.4030682
0.3734492
0.35804868
0.30322033
0.3321502
0.34785643
0.3572945
0.4969542
0.34682512
0.34376296
0.3670349
0.31390685
0.32995892
0.32498136
0.31548584
0.41599298
0.30862197
0.37481907
0.35531563
0.30912864
0.43602386
0.3308421
0.45351613
0.39126435
0.36632177
0.3413602
0.39588487
0.37708175
0.43710127
0.4609408
0.33668405
0.31170553
0.35843357
0.40654764
0.3538855
0.39078066
0.3554609
0.32977974
0.3313859
0.37801334
0.35782018
0.3796498
0.36441478
0.37159905
0.3355443
0.35349733
0.3610494
0.41064814
0.37781677
0.33271262
0.40740162
0.37268308
0.39504254
0.34321797
0.36801448
0.4054029
0.39373767
0.37103844
0.31855857
0.3587492
0.38739082
0.3512672
0.3409496
0.37678665
0.3161183
0.43727633
0.361283
0.411418
0.3923566
0.31424046
0.34335178
0.3768683
0.37153426
0.41854522
0.3699788
0.31167626
0.2667719
0.3854698
0.36163616
0.4048627
0.34315276
0.35997865
0.4026101
0.31712112
0.3910938
0.33977124
0.4056603
0.35500428
0.33617696
0.3453114
0.30778575
0.32850704
0.3440309
0.31946248
0.3610502
0.32916486
0.3349586
0.35441226
0.35708088
0.3085419
0.3562418
0.3342145
0.36985743
0.34500873
0.37434128
0.35291204
0.3428795
0.33461702
0.3379687
0.43613452
0.4272354
0.34245637
0.40954697
0.43799943
0.3732077
0.34853145
0.4439502
0.3530601
0.35148764
0.35227445
0.36237112
0.35376343
0.41324875
0.30629733
0.36600894
0.3621375
0.3888702
0.26966748
0.4084752
0.3014705
0.34292036
0.3706793
0.33417466
0.30913618
0.44125038
0.35270122
0.38546756
0.49221885
0.32272813
0.40338734
0.30151045
0.40276793
0.3874987
0.41043732
0.37687498
0.3391054
0.3832509
0.31419286
0.4261824
0.32031175
0.4280665
0.37639868
0.40277398
0.38184655
0.395068
0.3550884
0.3529786
0.38427272
0.3394241
0.3354624
0.35846883
0.39469606
0.5394709
0.3964749
0.34661672
0.3182919
0.34246546
0.42350394
0.33211678
0.32667774
0.3344871
0.3786459
0.34937763
0.43620795
0.4477817
0.30432048
0.38663095
0.46120188
0.44493362
0.3476057
0.34219655
0.27298474
0.34125662
0.34440306
0.3800874
0.33103347
0.34408605
0.3298157
0.3310959
0.39186922
0.34808463
0.38102174
0.34527132
0.3701538
0.34033278
0.3145534
0.3416595
0.34006625
0.34656042
0.37228835
0.35891053
0.4365998
0.42380238
0.32911572
0.38636684
0.4686665
0.34608272
0.3312977
0.4088112
0.37584585
0.34128714
0.3328557
0.3629578
0.31010392
0.36324444
0.3481077
0.34762147
0.33465788
0.3199478
0.36276805
0.35297763
0.43430594
0.4211129
0.3667709
0.34157473
0.39993373
0.3171364
0.35725397
0.2812465
0.36720777
0.3567526
0.3178619
0.36330438
0.3512494
0.3358467
0.3060044
0.34744194
0.37069115
0.3331932
0.37818697
0.3442446
0.305908
0.36619443
0.34034804
0.3272298
0.3482203
0.39019123
0.3133946
0.35178092
0.37580004
0.40049013
0.3613233
0.43122816
0.3426435
0.3830861
0.40316278
0.42996877
0.35546142
0.39472437
0.3017697
0.31159195
0.34923014
0.38972455
0.32641134
0.38487214
0.36741427
0.3794209
0.40146825
0.41325256
0.42036054
0.38258475
0.37709284
0.31770468
0.30091682
0.37934405
0.34656438
0.37709844
0.33697194
0.3469881
0.36974376
0.36239925
0.35207763
0.39412385
0.35906073
0.35970125
0.3752627
0.33742014
0.385648
0.38808376
0.37997854
0.34668535
0.3395256
0.3371207
0.33799767
0.32666925
0.3054548
0.36949626
0.34291282
0.32862267
0.3607409
0.40990475
0.31708607
0.29158807
0.3374969
0.3723079
0.33790493
0.34635547
0.3450502
0.36688235
0.34855905
0.42560294
0.31252643
0.3384291
0.34482014
0.40290692
0.2641729
0.35478476
0.35900286
0.35498422
0.48564807
0.32713625
0.3503121
0.33692577
0.35906157
0.40144104
0.32822344
0.41792685
0.38426685
0.32631052
0.32532546
0.37700596
0.41091374
0.34923333
0.39963403
0.308706
0.33376265
0.31770316
0.3292026
0.29656664
0.33118775
0.31702307
0.39822435
0.43569598
0.3645509
0.35198337
0.3742
0.3792873
0.42195082
0.4262673
0.4797697
0.35192975
0.3531964
0.41234708
0.3410864
0.44071886
0.348284
0.3648291
0.37184128
0.34374836
0.3691626
0.33262134
0.36442405
0.3699336
0.36613736
0.33291423
0.35338086
0.31806728
0.35422555
0.3812657
0.3553479
0.34250802
0.3332803
0.4100798
0.40101168
0.344895
0.3730035
0.32235444
0.35984302
0.3506398
0.38661423
0.3132055
0.3347017
0.39178404
0.37161505
0.38595495
0.3689283
0.3720261
0.36199075
0.38063332
0.34644404
0.33697206
0.34335834
0.3254588
0.3344393
0.40633428
0.32705805
0.34138238
0.328579
0.40273145
0.36618546
0.3176444
0.40979064
0.3687076
0.35410014
0.30497983
0.30016667
0.34232268
0.3308215
0.34198752
0.32624796
0.33081293
0.41130707
0.35628888
0.30582547
0.3623207
0.35343593
0.41301548
0.3595148
0.3394587
0.3502805
0.5099774
0.36365566
0.38989547
0.35429573
0.3405278
0.36264876
0.28943142
0.33948615
0.3148323
0.3244874
0.29987887
0.4069013
0.42167804
0.35993698
0.428521
0.34073034
0.34912026
0.3615627
0.36733505
0.3297255
0.28183496
0.3428982
0.35071144
0.36132345
0.3446694
0.33445373
0.41673753
0.34771547
0.36646152
0.36315793
0.384992
0.38259622
0.3149762
0.36718708
0.34002963
0.32669255
0.36304778
0.40321493
0.34761587
0.34168115
0.3471292
0.32980412
0.31840232
0.3791293
0.3235356
0.34660816
0.3315003
0.31612897
0.30215624
0.3591945
0.41635984
0.35444015
0.33463278
0.37040922
0.34208533
0.34530845
0.32135174
0.30052578
0.35907748
0.32430288
0.37989208
0.3400524
0.33684808
0.38971514
0.5046124
0.339292
0.31666303
0.36453974
0.36043805
0.34069133
0.4155879
0.4129782
0.39207798
0.4065839
0.48748553
0.34056458
0.37812075
0.40435725
0.34815824
0.38371053
0.40700388
0.4106763
0.36008283
0.31443527
0.34553286
0.38123348
0.38207632
0.33613822
0.41094106
0.32764816
0.32050246
0.28679824
0.38893786
0.35762513
0.32548445
0.33558083
0.3218685
0.3043713
0.34187117
0.34650564
0.37616068
0.32207566
0.32732132
0.40107602
0.36038864
0.35075518
0.36995107
0.30985287
0.38713926
0.38817242
0.3476697
0.33739713
0.34206033
0.34290448
0.32998753
0.3452718
0.46661586
0.44985718
0.38334435
0.35718212
0.36262327
0.34361133
0.35569397
0.31249076
0.3453567
0.3544545
0.34822488
0.38023907
0.3362438
0.4782406
0.3759738
0.34000963
0.3268164
0.31833902
0.3778869
0.37558177
0.38948843
0.35280395
0.37157422
0.32697248
0.3539012
0.34506813
0.376809
0.45370442
0.36849168
0.35537884
0.36391592
0.29778898
0.3726647
0.35628876
0.37883976
0.31627205
0.38536474
0.37819213
0.35798538
0.3041297
0.404
0.38548845
0.3443828
0.3159653
0.31550953
0.3838664
0.34520513
0.34121376
0.3215564
0.49997592
0.39876342
0.31813782
0.32444167
0.3278911
0.37845078
0.35086513
0.35589465
0.343846
0.45303294
0.32196754
0.35495275
0.41488865
0.36568
0.36786887
0.34063378
0.3505717
0.33652732
0.38220957
0.36024114
0.35446256
0.37616193
0.33143595
0.3362244
0.41656238
0.32132283
0.3185456
0.32922348
0.33915126
0.3490893
0.39965606
0.33965066
0.35107642
0.34182096
0.3213603
0.37533036
0.3321806
0.32656613
0.38417608
0.35686937
0.3572458
0.49449024
0.39194182
0.37931564
0.28701863
0.395822
0.31099802
0.371454
0.3629329
0.37635952
0.32106367
0.36899075
0.2957497
0.3521156
0.3276768
0.357857
0.33512947
0.4314358
0.33284792
0.36717612
0.26664913
0.3948972
0.30290574
0.3596532
0.34802783
0.39107084
0.36539528
0.3349652
0.51733744
0.2833421
0.3788897
0.4111305
0.35974708
0.36922467
0.41836834
0.35344046
0.43321362
0.30845386
0.3174042
0.37563595
0.38104516
0.3545076
0.3446621
0.37409273
0.44637293
0.35784894
0.34106895
0.37621793
0.27229565
0.37732947
0.38519236
0.36748466
0.35023415
0.48509324
0.35378903
0.31754822
0.3602118
0.36504844
0.35754603
0.3536296
0.38762352
0.3606668
0.30916247
0.35594717
0.29845604
0.37519574
0.32343167
0.3687863
0.37325642
0.35912263
0.37348908
0.38057825
0.39042562
0.3484885
0.42617044
0.3373328
0.3214395
0.4495605
0.39233235
0.37827155
0.3376003
0.37442514
0.34795392
0.37495258
0.40397057
0.3492282
0.33386672
0.39857596
0.3350482
0.3232795
0.36774275
0.32386726
0.38970935
0.35023102
0.33149943
0.34416974
0.37212458
0.3175136
0.3500963
0.35307342
0.3490503
0.34817508
0.34086636
0.33479708
0.34212843
0.30029476
0.346606
0.35138786
0.37597784
0.27081785
0.2915335
0.39377064
0.36579895
0.30878076
0.37502083
0.34977266
0.31485146
0.3222805
0.3130548
0.38626978
0.3799112
0.39451715
0.33172038
0.2835424
0.36899087
0.3367179
0.33433107
0.33545315
0.3424222
0.38381487
0.40153393
0.3202232
0.40373683
0.4278016
0.33761638
0.34496605
0.5472726
0.28030553
0.3784614
0.3457518
0.3278738
0.3852354
0.36368585
0.33176228
0.32427996
0.37895223
0.36498576
0.37017593
0.36790314
0.3775866
0.31093156
0.3472036
0.40210596
0.32318765
0.3498697
0.29985192
0.3579978
0.28158912
0.40098214
0.37564412
0.31077033
0.34008908
0.32570475
0.37275007
0.36740467
0.36013696
0.3034323
0.3306695
0.34758976
0.34867296
0.4033382
0.3397886
0.4624684
0.3569411
0.3881547
0.3102758
0.41577068
0.30209333
0.38580826
0.34009126
0.39495996
0.3525128
0.4175055
0.35281467
0.42630637
0.366943
0.33889112
0.32282162
0.35575822
0.3081659
0.4720144
0.37667274
0.35438648
0.34334952
0.35132584
0.41551754
0.38431635
0.39483464
0.35123074
0.3385121
0.37904564
0.3241404
0.40878087
0.2872579
0.33039865
0.36021098
0.32713607
0.4432187
0.3392351
0.3472363
0.34013957
0.27603474
0.32461053
0.31893763
0.4165822
0.38771412
0.34728232
0.31312305
0.36113524
0.3560392
0.29735962
0.3217738
0.34263402
0.39621076
0.39510944
0.35868236
0.38097838
0.3266614
0.30558333
0.36399755
0.3444281
0.37213665
0.33863652
0.41519228
0.38232183
0.33160496
0.3171803
0.3623015
0.3249628
0.37782446
0.32281536
0.33595693
0.31852287
0.36217302
0.35965422
0.38079217
0.3048716
0.3684438
0.3813831
0.32141423
0.3421569
0.32915485
0.3633571
0.35474232
0.33486697
0.31968176
0.31571397
0.3899979
0.3191045
0.33321843
0.36801815
0.3587332
0.29591727
0.33965078
0.35539246
0.33535323
0.3473783
0.36327854
0.32810122
0.3639891
0.35948798
0.3933223
0.38833898
0.33607548
0.36657146
0.3345524
0.3635019
0.37246078
0.46699417
0.36025533
0.33619446
0.38821387
0.45833707
0.36983475
0.29842803
0.34546152
0.38343772
0.3074152
0.346426
0.35221356
0.3587612
0.35635823
0.38043088
0.29199672
0.37584487
0.3339261
0.38967812
0.35315213
0.33528408
0.39687955
0.35843524
0.34101275
0.33288395
0.3188311
0.31294262
0.39874265
0.4051009
0.41995108
0.40517768
0.32113874
0.31406638
0.3280079
0.33324534
0.30258897
0.3719645
0.3336519
0.3462471
0.3672857
0.27092287
0.33759516
0.4726111
0.3709312
0.38016236
0.41329193
0.34638193
0.37544653
0.34859166
0.4009285
0.31450883
0.34285963
0.40435967
0.32481202
0.37319753
0.3861371
0.3539846
0.36498335
0.36753264
0.34942392
0.30945528
0.33783662
0.40243012
0.4465972
0.3263877
0.3189007
0.3254906
0.40647912
0.38590696
0.35192734
0.40200037
0.3680868
0.34308216
0.39121166
0.3725267
0.33733863
0.34052208
0.35958785
0.34453037
0.38562745
0.36041802
0.35529298
0.35186714
0.3346107
0.36654568
0.32558265
0.3403974
0.36500686
0.31078783
0.43860734
0.3293334
0.3616454
0.3672078
0.36226505
0.34753618
0.37976363
0.2896741
0.34892195
0.3345178
0.3410827
0.34222168
0.37093168
0.355786
0.34426308
0.33722523
0.37732
0.39546135
0.35618404
0.44419065
0.38890457
0.33280507
0.3694472
0.34323442
0.3140114
0.4298905
0.32075948
0.36687636
0.37138784
0.40599963
0.373827
0.33276254
0.37218636
0.35278475
0.3322764
0.34857377
0.33108652
0.355488
0.3954388
0.37668747
0.31990734
0.3097766
0.35528225
0.29885054
0.3092294
0.3857943
0.33406866
0.3614805
0.36941344
0.40073794
0.3300568
0.33533978
0.34487444
0.33267435
0.32085884
0.33692306
0.35638234
0.33833712
0.3473692
0.34997663
0.33727184
0.3481356
0.35708112
0.392786
0.38017383
0.35095975
0.35403877
0.4043549
0.37416646
0.39105117
0.31613046
0.3597617
0.3237287
0.39624688
0.36699665
0.38788903
0.34987018
0.3302394
0.3098848
0.31867468
0.33458573
0.31940544
0.31230015
0.34958908
0.34126958
0.35190818
0.36104837
0.28556073
0.31886867
0.3654334
0.41145155
0.33892438
0.38567507
0.4232209
0.4385397
0.367757
0.31203243
0.3913806
0.32168123
0.36643234
0.49840975
0.37791473
0.35093817
0.31903833
0.3699822
0.3102616
0.32341456
0.38473892
0.36819735
0.3751277
0.33552498
0.4128493
0.3452366
0.3564449
0.37344286
0.3862173
0.32072923
0.3221416
0.3580107
0.32261914
0.34705132
0.3570442
0.4209034
0.3208459
0.38564235
0.3157803
0.33882335
0.34374472
0.3140045
0.36085775
0.3544653
0.35510287
0.36278856
0.32902294
0.3534454
0.36192462
0.35790703
0.2541907
0.3086804
0.34970668
0.35589105
0.39623046
0.33096972
0.3400883
0.34261125
0.38067928
0.39776638
0.3940225
0.43692872
0.4319175
0.32630903
0.30203092
0.3822276
0.3532526
0.33028576
0.3965477
0.31302583
0.36703566
0.3380165
0.32110864
0.34901685
0.36587036
0.36064535
0.39459968
0.32792136
0.36304745
0.34224212
0.30399215
0.34698313
0.33869496
0.39171416
0.34700263
0.31458324
0.36076796
0.34054598
0.3540779
0.36257753
0.3411096
0.40930963
0.34794563
0.3821021
0.34442195
0.3278003
0.34157413
0.36276072
0.4121665
0.32586715
0.3538747
0.43269518
0.33519515
0.38135648
0.35459194
0.30093172
0.30716956
0.37553266
0.31119692
0.3532081
0.37838322
0.33228242
0.35210064
0.3355803
0.3631151
0.48673895
0.55764836
0.34903663
0.3500062
0.377658
0.35197738
0.306672
0.33020782
0.2950848
0.2939592
0.31565875
0.40047252
0.43111205
0.33486447
0.34573194
0.47913823
0.43927157
0.37771785
0.37258863
0.36533386
0.38175574
0.3674444
0.38984123
0.4058697
0.34265137
0.40157604
0.4286622
0.36460805
0.36123598
0.35983208
0.43200657
0.40309477
0.33403483
0.3413409
0.4109068
0.39330953
0.30431762
0.34963962
0.38112113
0.3242916
0.36260536
0.32236207
0.36431396
0.36886513
0.40008017
0.43862972
0.35215446
0.33904007
0.30145752
0.3488998
0.34461275
0.34758812
0.33521712
0.36487967
0.34394887
0.34633252
0.3579571
0.3406937
0.39606822
0.3603607
0.3356743
0.47413182
0.37078962
0.24394873
0.32088095
0.34628776
0.37859064
0.30584896
0.40460938
0.41882426
0.34697568
0.44976124
0.3661145
0.32668188
0.34299642
0.35887533
0.328208
0.37428743
0.36751023
0.28576255
0.32779023
0.33600917
0.34549552
0.3252735
0.33916548
0.3500329
0.3407003
0.3270843
0.26823375
0.33310443
0.28000924
0.34405068
0.34785435
0.3447509
0.37174436
0.37775823
0.3231602
0.3448011
0.38214314
0.4097024
0.3514777
0.37999293
0.40073448
0.3944698
0.3373552
0.33465627
0.37060037
0.35424224
0.31163487
0.3607202
0.33396438
0.33523053
0.3376563
0.3235333
0.4145221
0.46942362
0.34437472
0.4356539
0.3580113
0.38066027
0.35024244
0.33405453
0.41674924
0.34889716
0.32318833
0.36397702
0.2884504
0.41015586
0.34345308
0.35718608
0.31260884
0.2998121
0.3217317
0.3641163
0.32396805
0.309662
0.3717214
0.3303871
0.33131555
0.35939932
0.4252658
0.28467676
0.43236724
0.373636
0.35551786
0.36569437
0.38460252
0.4178025
0.33996195
0.32933
0.40511045
0.39900458
0.36858585
0.3225123
0.39531863
0.36046594
0.3614689
0.3694583
0.36898923
0.3518677
0.30950126
0.3500354
0.32273993
0.345366
0.38669935
0.31353894
0.33894125
0.3644161
0.36649936
0.3418215
0.388179
0.358308
0.3409969
0.32487562
0.340695
0.35913593
0.36632472
0.35010853
0.40580857
0.36545146
0.32927012
0.33798948
0.3373183
0.37690333
0.31109816
0.37307715
0.3403586
0.34241953
0.3357267
0.39778095
0.30429235
0.24168384
0.30203944
0.35688612
0.3440882
0.35240832
0.29870886
0.37625846
0.36129194
0.36100844
0.3395529
0.34708726
0.33844602
0.35219526
0.35187897
0.33972007
0.355771
0.3624979
0.30815613
0.3348363
0.3356126
0.36014175
0.39180666
0.3312281
0.38747683
0.3606203
0.36692452
0.36248446
0.4649673
0.46453607
0.35250506
0.40792865
0.4078927
0.3356846
0.37759537
0.36172208
0.31324044
0.39499795
0.39414078
0.3906692
0.43955547
0.35772488
0.34378827
0.3579615
0.3594801
0.33463717
0.37416306
0.353135
0.39435178
0.3471229
0.3272576
0.32784435
0.363687
0.34117675
0.3171678
0.36619514
0.31129146
0.3367136
0.37677994
0.3364991
0.4288296
0.33937758
0.4283084
0.31579298
0.33506057
0.34284163
0.35195383
0.37391564
0.33179328
0.36812875
0.34080657
0.32934496
0.36054718
0.35436395
0.4147599
0.37309515
0.32924965
0.3412372
0.40213636
0.350115
0.31670496
0.37719318
0.38900906
0.3026406
0.44295874
0.3722845
0.32396403
0.35399166
0.29241443
0.40127096
0.35859132
0.34552377
0.35046062
0.35309622
0.35706335
0.34219193
0.37268132
0.37499332
0.3739729
0.40753374
0.3553638
0.34904388
0.29707637
0.3325333
0.33222255
0.38855654
0.34964314
0.40545416
0.33608964
0.34282348
0.36281714
0.42576873
0.4045734
0.28479207
0.32601717
0.3241814
0.4062581
0.3562641
0.33898535
0.32678235
0.3480348
0.3584618
0.35233167
0.39012435
0.43280387
0.36832502
0.35919106
0.3143061
0.3572352
0.32278404
0.3518107
0.3186237
0.4229251
0.35395986
0.3598745
0.27402174
0.3687745
0.34486076
0.4106963
0.34221068
0.3085446
0.35799807
0.35619593
0.41334593
0.36821514
0.32854372
0.32454723
0.3365174
0.35124448
0.35656434
0.34025773
0.3290751
0.4143653
0.42922348
0.37291166
0.34438768
0.3333719
0.38380828
0.31498194
0.3368304
0.26765293
0.33501709
0.36397702
0.37150016
0.39517424
0.34759814
0.29628778
0.3742282
0.3930146
0.38972586
0.34719896
0.3510848
0.35316938
0.32529205
0.33204272
0.4614148
0.35095716
0.36685386
0.33299842
0.31297606
0.3531019
0.3713938
0.38231426
0.32529476
0.3181384
0.34319514
0.3236078
0.36676002
0.35604793
0.36216006
0.37356573
0.31940573
0.3535466
0.33067584
0.3455597
0.37820265
0.33071235
0.3550536
0.39680108
0.31367406
0.35683745
0.3477576
0.3571972
0.37327486
0.31962773
0.30863222
0.35881135
0.35120034
0.3413008
0.37000975
0.3596984
0.38398716
0.33103728
0.30139366
0.3438463
0.35758612
0.35858458
0.3569552
0.332466
0.3228386
0.41511396
0.34791547
0.44360802
0.3835474
0.33598933
0.32752657
0.37170216
0.35008186
0.36944005
0.33890086
0.3322195
0.33439004
0.40615246
0.36955377
0.32865286
0.3197733
0.34775686
0.4011173
0.33580548
0.36168286
0.3351071
0.39810807
0.33799306
0.33550438
0.32965466
0.26221165
0.3847108
0.36654213
0.37726715
0.3464385
0.44151187
0.39450064
0.42541838
0.38155434
0.3418569
0.3664037
0.36175224
0.36833435
0.34418163
0.390902
0.3870798
0.3388637
0.3567143
0.3411794
0.37401634
0.31271684
0.28204677
0.3415021
0.33524367
0.4050935
0.3851905
0.33644417
0.3640193
0.32178673
0.37554136
0.3401997
0.40430054
0.33989996
0.41696128
0.36160624
0.3105814
0.34900662
0.35240623
0.3885399
0.38131332
0.35423034
0.32976508
0.36797747
0.3755235
0.34095213
0.3452726
0.3822853
0.34188107
0.3479575
0.42121708
0.31588632
0.34484008
0.36338517
0.3720332
0.4143081
0.403052
0.43634284
0.37595776
0.3905699
0.35771483
0.34929904
0.35790315
0.33744144
0.34871972
0.4479243
0.4585339
0.3754625
0.32481924
0.37821013
0.35264638
0.33465615
0.31460482
0.3780338
0.35222852
0.36666316
0.415965
0.34317002
0.3423119
0.37970406
0.33944106
0.35264218
0.4031453
0.34797215
0.30132696
0.35430524
0.3713991
0.33955345
0.48778322
0.37440652
0.3471461
0.34745944
0.3541614
0.2826169
0.41524225
0.38150188
0.39597923
0.40452692
0.48000148
0.37762117
0.37520355
0.34863016
0.2931708
0.35136178
0.33183107
0.35558686
0.33698505
0.32776347
0.35460165
0.3737954
0.34292814
0.35955343
0.42740956
0.45061123
0.3252263
0.38571087
0.34237
0.36104873
0.39546603
0.33885026
0.35125443
0.33234593
0.5219742
0.40385246
0.37348798
0.30290836
0.4402953
0.31653476
0.3711521
0.3464264
0.4167681
0.37160864
0.36461815
0.37987286
0.3947224
0.4123417
0.37082374
0.39997938
0.4033283
0.39363334
0.3473688
0.38216275
0.36638442
0.3803731
0.42435858
0.4168719
0.34114593
0.3553159
0.29410574
0.39364135
0.33128488
0.3528391
0.35442558
0.41661674
0.34813523
0.32214382
0.33032686
0.40836498
0.33869848
0.45885265
0.37564278
0.33066362
0.3613654
0.2973839
0.34099764
0.34680653
0.34008783
0.352139
0.31717554
0.30967683
0.316923
0.35133892
0.34011146
0.37388664
0.34502092
0.343279
0.32218716
0.37824127
0.32524452
0.34781566
0.34660053
0.33292317
0.38482088
0.38561517
0.30329275
0.40488166
0.3396624
0.3113009
0.3429401
0.34315875
0.37767285
0.35810372
0.32849342
0.33889097
0.37857744
0.3748417
0.33078372
0.3399853
0.3459457
0.335325
0.37673265
0.33274177
0.36284754
0.35027996
0.3518088
0.37599906
0.32294717
0.36319038
0.33099982
0.34816056
0.41621605
0.3417319
0.36657792
0.35203096
0.37136787
0.3893911
0.3546
0.3622401
0.4046818
0.36114687
0.36368114
0.37090477
0.40504187
0.31571007
0.35654613
0.34636322
0.3394381
0.33357882
0.30688354
0.3324007
0.4229389
0.35435888
0.34856814
0.3841785
0.35779658
0.35645697
0.37752348
0.3891526
0.31174266
0.30422595
0.31780618
0.32691985
0.33098286
0.35119417
0.34701085
0.42378438
0.38501486
0.3894936
0.45268795
0.26389307
0.32730335
0.38301814
0.31761992
0.33120862
0.3506818
0.34494036
0.31518498
0.307413
0.3467982
0.31513348
0.36508203
0.3770449
0.38435495
0.32819724
0.3784167
0.31865337
0.35762414
0.33890334
0.33603683
0.37435466
0.35004404
0.32710645
0.3263557
0.34433344
0.33948144
0.32318798
0.3162008
0.32114387
0.3653805
0.3520592
0.35299516
0.37189236
0.3579295
0.3461998
0.35039178
0.35252243
0.36860693
0.29103175
0.3540532
0.36775145
0.3034358
0.32045975
0.3567672
0.3740644
0.36257726
0.34269825
0.4644567
0.36934128
0.37225628
0.3545656
0.3509745
0.34119126
0.34398502
0.30234507
0.43856165
0.40603396
0.38311514
0.3804899
0.35948277
0.38793245
0.33938766
0.33841863
0.37381732
0.35904944
0.36261615
0.35834554
0.3325219
0.29026645
0.36474574
0.4591507
0.33687353
0.3516346
0.33395928
0.3782452
0.3629906
0.34088036
0.36608374
0.35925424
0.34115782
0.43426362
0.39206454
0.35869732
0.38476637
0.3539107
0.5691651
0.32426667
0.35581425
0.34765214
0.3532341
0.39324775
0.41858277
0.41307667
0.5190807
0.34956092
0.31668353
0.41775194
0.35682005
0.5953284
0.34807193
0.41545734
0.36528268
0.36168
0.379056
0.3603418
0.3701894
0.35786656
0.32391027
0.36408576
0.31276944
0.37154868
0.38019872
0.33711275
0.35191822
0.35807586
0.32549742
0.41881618
0.32557225
0.2944828
0.37640548
0.36044505
0.3408155
0.3661582
0.35523516
0.39733207
0.33272746
0.34130275
0.37120005
0.35563013
0.3412228
0.64855725
0.39772314
0.36452818
0.37584904
0.35013288
0.36468157
0.41049907
0.38480234
0.3333696
0.3581477
0.3183788
0.42079124
0.33935964
0.3736759
0.36336505
0.36416027
0.3475881
0.34554258
0.34942213
0.34189337
0.34709388
0.3597133
0.3389894
0.43465665
0.3501074
0.36509854
0.3534693
0.332576
0.39141592
0.37149468
0.31989673
0.39581168
0.33639798
0.4047101
0.40593418
0.4217268
0.3338559
0.35773602
0.34727925
0.38305482
0.33131826
0.31850746
0.39684406
0.33632654
0.32334033
0.40344915
0.31998193
0.35997215
0.38578427
0.3538861
0.36774197
0.3559118
0.28690496
0.33178794
0.34018725
0.326754
0.4106525
0.33298746
0.35190314
0.3124615
0.35805637
0.35885227
0.3453969
0.33469597
0.333768
0.32050902
0.32744217
0.3376065
0.33078796
0.32318392
0.33492562
0.44594604
0.39178535
0.35810956
0.34359464
0.37752515
0.3598296
0.33420977
0.32937944
0.37561202
0.41153142
0.37383407
0.35018262
0.32482997
0.40784362
0.33603075
0.3430564
0.39706907
0.3481221
0.35001191
0.31278798
0.35454944
0.3105978
0.37686443
0.3225222
0.41009617
0.3402108
0.32285887
0.35806745
0.35312492
0.37405258
0.35022917
0.3086291
0.37017307
0.34989083
0.4215402
0.30341902
0.32713133
0.3414803
0.351771
0.3364181
0.3171613
0.31928256
0.37903208
0.39309248
0.38103533
0.37320778
0.44651473
0.34270176
0.3254371
0.35331705
0.3203327
0.33577725
0.39969555
0.29511675
0.34340525
0.32091475
0.35718852
0.35272205
0.3112487
0.3290362
0.32468283
0.39715257
0.43183002
0.3189373
0.48613054
0.35423127
0.34219503
0.3670006
0.3411555
0.3797688
0.32197103
0.30622262
0.34268004
0.3423586
0.35400543
0.3453201
0.39792943
0.35102952
0.34527618
0.3599507
0.35469377
0.42151448
0.33075246
0.3835062
0.3630194
0.38967502
0.34655002
0.4214074
0.33847728
0.36198285
0.37364808
0.39556172
0.29368025
0.2935195
0.33763617
0.33804998
0.35920265
0.34338278
0.3071231
0.3289434
0.33110085
0.41472682
0.30915323
0.35780337
0.323191
0.36073834
0.35560635
0.32559898
0.35269883
0.35935956
0.4014669
0.40113208
0.3903699
0.3229613
0.32511786
0.31316486
0.345556
0.37570497
0.30253765
0.36354664
0.33842447
0.3330627
0.37466264
0.34742695
0.35859528
0.40408325
0.31321868
0.3647982
0.39698222
0.34309307
0.33960116
0.3439599
0.30181757
0.35319874
0.32614744
0.3299723
0.34913298
0.37269238
0.39250648
0.30808705
0.3293407
0.34064722
0.37703457
0.41260716
0.3235915
0.37605876
0.36385676
0.30682093
0.3838981
0.28382057
0.30902788
0.43354058
0.36022955
0.33065975
0.3283762
0.30672285
0.32911515
0.29083833
0.36253077
0.3245446
0.40383032
0.31363904
0.4068523
0.39628112
0.44857666
0.35691676
0.38326782
0.3217541
0.43973503
0.36635327
0.32431948
0.33912155
0.35020015
0.3582363
0.40905225
0.32981324
0.3789146
0.419438
0.35897437
0.41300982
0.34184197
0.44109306
0.3361036
0.39159662
0.32605442
0.3610339
0.3370347
0.27197805
0.37721372
0.31222135
0.37522727
0.3635004
0.52045065
0.33585367
0.34745923
0.41663966
0.34236363
0.38465977
0.3496769
0.35429072
0.32113114
0.31391698
0.3263379
0.32602867
0.33168387
0.3647134
0.37209633
0.34402463
0.40429068
0.3861749
0.36540368
0.35478285
0.34602192
0.3719203
0.33794615
0.33789778
0.34342837
0.35561478
0.387166
0.3496764
0.34495276
0.32465726
0.38238093
0.37109807
0.3269136
0.3569385
0.30925998
0.33236647
0.33764526
0.3473361
0.3349548
0.35142326
0.31596464
0.32847214
0.3998892
0.33258185
0.3626572
0.33205295
0.34764656
0.3223892
0.37131625
0.35905087
0.3397465
0.3317624
0.40448776
0.3470009
0.4447708
0.36816856
0.35137805
0.35009137
0.38355967
0.33443537
0.3922268
0.35143661
0.41300824
0.36983448
0.36317322
0.34670344
0.35763392
0.40850282
0.3306902
0.34089392
0.35653412
0.33124468
0.4038745
0.35179183
0.3509201
0.3550286
0.37060586
0.36366698
0.32877213
0.3442232
0.3839117
0.3382032
0.32671085
0.2924973
0.3576147
0.3407503
0.35112387
0.36795768
0.3368069
0.37096193
0.37846988
0.3257886
0.36023477
0.3616365
0.32661065
0.36164925
0.37885714
0.39036834
0.31294727
0.34273043
0.343009
0.31730607
0.30064273
0.33245793
0.37407917
0.39535943
0.38162622
0.3603079
0.32448643
0.3598122
0.3598394
0.39028084
0.3961232
0.35197166
0.33762074
0.31532878
0.31401277
0.35135195
0.3440893
0.32619998
0.38056245
0.3790935
0.34454736
0.47132063
0.39017722
0.35540995
0.30915326
0.37385613
0.31535247
0.35529518
0.3342003
0.34070003
0.33860472
0.34927762
0.4263948
0.37001738
0.40702802
0.32857725
0.3305301
0.38558888
0.25577697
0.39267585
0.36784562
0.40206903
0.40336776
0.36769757
0.3235301
0.36875835
0.3681193
0.38349506
0.3362323
0.39643133
0.3612208
0.29945377
0.31085798
0.29671776
0.33071983
0.3259123
0.3286295
0.37362903
0.29893163
0.34633088
0.41416064
0.36271292
0.3787072
0.36253914
0.33296055
0.3343242
0.3809737
0.36121514
0.36113864
0.34303916
0.32950267
0.45238006
0.33463243
0.3693123
0.3675759
0.39637792
0.3179483
0.33711484
0.28597265
0.35389927
0.31864277
0.3460312
0.38016918
0.3154793
0.34904644
0.30505115
0.3697053
0.34667987
0.28802243
0.3404626
0.3372773
0.31667608
0.40456346
0.3899144
0.3483476
0.3720665
0.3711807
0.3667605
0.33003423
0.39383197
0.30662388
0.24199128
0.43789908
0.35337806
0.43414074
0.39714515
0.30020276
0.35896426
0.33332312
0.34973195
0.35030907
0.35501912
0.38314694
0.34370294
0.36374134
0.3608759
0.37852117
0.417281
0.37897095
0.3656165
0.35084045
0.36143753
0.44318715
0.3800939
0.35019714
0.3063902
0.36197603
0.33901733
0.33966744
0.35893023
0.39478812
0.32653767
0.3538477
0.39044514
0.4229865
0.36871886
0.35979503
0.3249442
0.3563521
0.3681395
0.3588765
0.32272467
0.34380895
0.32763347
0.34818876
0.34406495
0.37326413
0.33740023
0.3539819
0.36350128
0.30116275
0.33794752
0.3803961
0.3627517
0.3087558
0.3500327
0.3157251
0.4226676
0.45027277
0.33784398
0.37721902
0.38632268
0.33831748
0.3378673
0.38610426
0.30727586
0.26145768
0.42651662
0.36436805
0.30718464
0.33269382
0.34051087
0.36680356
0.3465874
0.30564559
0.42472562
0.35947722
0.33667356
0.39275274
0.36048535
0.3988705
0.32836667
0.2836657
0.33820397
0.33608237
0.46075395
0.3824133
0.38076162
0.3437688
0.32400587
0.41222218
0.368392
0.32719406
0.33155414
0.3899931
0.4465165
0.449065
0.3495453
0.3448146
0.33947146
0.32917997
0.44270873
0.35447967
0.40680158
0.39604712
0.39591497
0.34088427
0.36874598
0.36242867
0.34808677
0.33814135
0.36052155
0.38926592
0.33395523
0.45602202
0.38234234
0.35020205
0.3318626
0.33571905
0.37545425
0.33263108
0.29794994
0.39170682
0.4225182
0.38484526
0.37642205
0.33363461
0.3960043
0.51907337
0.35100037
0.30858475
0.34524438
0.45467222
0.44384956
0.3436869
0.4013425
0.3796724
0.35836622
0.3460675
0.34724337
0.34296113
0.40064922
0.42997527
0.38041064
0.33248144
0.44719404
0.3749337
0.35319427
0.33421993
0.40921944
0.39572382
0.37442285
0.4007133
0.3456377
0.32646132
0.38827622
0.32042974
0.32955527
0.30835903
0.3501793
0.33075172
0.32509845
0.35678926
0.3854811
0.33996418
0.42918906
0.3902196
0.33330157
0.34254694
0.30102018
0.33226654
0.3334665
0.34109396
0.3229817
0.332332
0.38115403
0.3322003
0.35546672
0.3657394
0.3631483
0.3713794
0.3156966
0.33252552
0.30720958
0.33087614
0.32690668
0.4027694
0.32899693
0.33188105
0.329984
0.32412568
0.33030793
0.34693205
0.36635536
0.36479792
0.35402936
0.39359707
0.43526527
0.41966316
0.37534842
0.40601775
0.30477968
0.3197063
0.36082292
0.35967723
0.45383614
0.35205758
0.40306997
0.32259798
0.3268667
0.37323374
0.31453884
0.3583454
0.36777422
0.3994042
0.32209113
0.35288927
0.35849637
0.34605798
0.36240333
0.25631848
0.34139428
0.34896052
0.32345635
0.3227882
0.34970966
0.43434986
0.32705942
0.37213176
0.3453326
0.34795353
0.38281596
0.3545879
0.39236352
0.37689352
0.44993472
0.3144146
0.35221052
0.339269
0.3504641
0.34452894
0.3352742
0.43075144
0.35388002
0.43820325
0.36526132
0.28504884
0.46346596
0.33690515
0.31947964
0.30302978
0.36832094
0.3655779
0.35271966
0.3560751
0.34375647
0.33724877
0.35818136
0.35608688
0.3420565
0.3406608
0.43024212
0.34841257
0.3367455
0.35786477
0.37451872
0.32490045
0.38915712
0.36507308
0.40350193
0.32593808
0.342338
0.41573632
0.31682587
0.3274109
0.32867166
0.4165467
0.28693885
0.3350687
0.39704442
0.36956716
0.34527785
0.3542066
0.35983574
0.3692284
0.37787047
0.32411867
0.37350464
0.32596424
0.3646613
0.2997444
0.36798972
0.37224063
0.31560013
0.33923867
0.3361951
0.35782048
0.37240592
0.30076528
0.43685016
0.37638953
0.35144746
0.39434218
0.30294046
0.30899528
0.3793203
0.38498718
0.35015786
0.36133873
0.29523852
0.36621892
0.33459496
0.37577313
0.39241502
0.34394515
0.34779376
0.3388119
0.34253275
0.31329802
0.30946174
0.40407282
0.4065645
0.37921098
0.3969033
0.3575145
0.29075253
0.33114162
0.44541556
0.48305804
0.33308497
0.36462337
0.42607585
0.3870158
0.3109903
0.4267951
0.34685057
0.34873104
0.33179605
0.31129327
0.41204944
0.38563943
0.32949433
0.33213946
0.34173328
0.3452299
0.33447933
0.36296263
0.35685214
0.33642623
0.3719515
0.33005142
0.304441
0.39916027
0.47504225
0.35961947
0.36623892
0.44644967
0.31588036
0.3993875
0.3339818
0.3125352
0.35009512
0.35020185
0.3209018
0.3814682
0.33552882
0.39110553
0.32471278
0.3563922
0.2980086
0.42741963
0.35532254
0.34559512
0.3746739
0.32507065
0.35285124
0.34986392
0.32355216
0.34454754
0.37398893
0.3425024
0.33028552
0.36053023
0.35220242
0.31213507
0.41096973
0.3351692
0.42950463
0.33012804
0.33117542
0.34371755
0.30221966
0.3225578
0.30484253
0.350342
0.30834168
0.39517483
0.30973977
0.31903735
0.3246921
0.33367524
0.30607885
0.37469187
0.37782854
0.35065225
0.35137752
0.42876917
0.42373878
0.3807549
0.28574613
0.3288342
0.382546
0.3969686
0.35038602
0.37057638
0.40438047
0.39315605
0.3142853
0.3510492
0.39346427
0.36197704
0.37641987
0.33439603
0.36824435
0.35124025
0.3862569
0.37391037
0.36163917
0.4078168
0.36703208
0.40771443
0.34932914
0.3391735
0.35090575
0.32646906
0.3333922
0.31155878
0.36035183
0.33304852
0.3359096
0.33661377
0.366972
0.374124
0.36416358
0.33742222
0.3713618
0.38501248
0.33253735
0.3473147
0.30696842
0.36149907
0.37209994
0.4117613
0.3281445
0.32675132
0.34536943
0.38753033
0.3959979
0.36914954
0.28863335
0.36737192
0.3586488
0.3277308
0.34352025
0.31866333
0.4180664
0.3976324
0.40314865
0.3575393
0.36445677
0.31332436
0.3586373
0.3617803
0.38230368
0.3025634
0.39607656
0.3979442
0.34550053
0.33247152
0.3045497
0.47918317
0.3164495
0.31564385
0.3503601
0.42282358
0.40901965
0.3661038
0.32158518
0.38032445
0.32177553
0.3896352
0.33653298
0.39726028
0.40918836
0.31501067
0.3300549
0.32544115
0.303894
0.3110265
0.35578418
0.33185047
0.33207092
0.34755623
0.35501188
0.41382167
0.47493738
0.34569263
0.3901661
0.30964968
0.36260203
0.35966307
0.36377764
0.32393053
0.40687543
0.32774112
0.40418884
0.35018578
0.33818525
0.34055796
0.3129824
0.39620715
0.35691684
0.38335112
0.33950096
0.4015763
0.34102947
0.33535743
0.31712076
0.3574733
0.3845206
0.2919882
0.43192953
0.33077955
0.32341343
0.39150688
0.4380539
0.48937568
0.41209206
0.30161914
0.3697451
0.335993
0.35164282
0.4739431
0.37063494
0.35149452
0.3486383
0.3294971
0.35930148
0.3333957
0.3272631
0.35143906
0.356517
0.3550214
0.3582887
0.3549312
0.42637467
0.40645406
0.29790714
0.31377596
0.37104702
0.31982738
0.47154847
0.41433772
0.30076766
0.2869587
0.38118342
0.39011452
0.33926523
0.39287406
0.39625952
0.38255924
0.3421237
0.35269254
0.34106192
0.35558024
0.3248637
0.41847515
0.322905
0.399648
0.3291221
0.34965593
0.36319634
0.341999
0.29937178
0.37014672
0.3017337
0.31255925
0.34191492
0.37365916
0.36695564
0.37528098
0.30491883
0.3242481
0.31847998
0.44387445
0.34816018
0.31835985
0.35549286
0.3171913
0.40740576
0.39828283
0.41100404
0.3678279
0.31893513
0.32733315
0.4155682
0.34954166
0.35349002
0.33589157
0.37472716
0.38071388
0.2841233
0.37851498
0.3708068
0.32674178
0.38495252
0.35515407
0.45490438
0.3484624
0.44076735
0.35599768
0.370383
0.37749115
0.38904434
0.36107883
0.34072694
0.35690123
0.32878482
0.34398404
0.331668
0.34787264
0.32883617
0.3564954
0.4353882
0.3646024
0.3004973
0.38723773
0.3407534
0.34314442
0.31495956
0.34983838
0.33285302
0.33735046
0.31569287
0.3415444
0.35188618
0.34044436
0.31168565
0.4131153
0.33895773
0.3566489
0.3555175
0.41808143
0.36201328
0.36873424
0.35964474
0.33692506
0.3530687
0.35085973
0.34386376
0.3548958
0.32246158
0.3483534
0.38668755
0.35440496
0.3508095
0.32798806
0.3278703
0.35600582
0.35585973
0.3457256
0.40107635
0.35566625
0.30359843
0.3318418
0.35221767
0.3164428
0.39614946
0.34494713
0.3851269
0.28087646
0.3052999
0.38234577
0.31337747
0.28853494
0.32320204
0.3612115
0.30629495
0.37846175
0.40659332
0.33579987
0.330943
0.37688482
0.35009736
0.3990104
0.35924986
0.3604429
0.35643354
0.33919168
0.33457306
0.36404008
0.3316306
0.43930045
0.33130196
0.34327552
0.31967553
0.3335265
0.35474825
0.3692868
0.32589337
0.3582141
0.32583633
0.3478457
0.41890126
0.3390957
0.4240187
0.33006942
0.37023926
0.33544192
0.29651177
0.35484445
0.37675285
0.35867152
0.36053368
0.35883072
0.33399066
0.33422917
0.38103414
0.4133639
0.40915713
0.35398814
0.37841925
0.37107825
0.452939
0.47974017
0.31848732
0.34386212
0.3587299
0.305411
0.36201802
0.3785034
0.36740524
0.34715313
0.3334676
0.34840068
0.31949878
0.3603959
0.47246775
0.40982246
0.41282323
0.44496447
0.29062766
0.39842635
0.4419816
0.37399578
0.48838148
0.36983684
0.38496315
0.3628427
0.35524622
0.31921008
0.39322737
0.32995155
0.33739334
0.36518925
0.4101887
0.3525035
0.39035076
0.3402907
0.33937967
0.3333945
0.33628923
0.5021305
0.30427378
0.34622797
0.27229828
0.39705426
0.31050262
0.38293567
0.41861996
0.3713553
0.35361302
0.35135296
0.34324405
0.3900074
0.3591279
0.42874822
0.38123438
0.36493233
0.3885755
0.37230927
0.36190432
0.3596284
0.2896863
0.34170112
0.4073869
0.35886154
0.3468319
0.4013111
0.2823405
0.31408134
0.44026396
0.34720853
0.40400606
0.35064766
0.28407493
0.4286064
0.35787225
0.45653412
0.37234393
0.34584016
0.3535123
0.38392237
0.39401037
0.36897177
0.35488513
0.33637092
0.33597293
0.38424438
0.3839671
0.4043255
0.3979936
0.3654417
0.33982423
0.33996016
0.3681195
0.323944
0.4068093
0.34751922
0.3301169
0.26390395
0.32298577
0.34104666
0.35625255
0.37247032
0.35390776
0.36264473
0.31555408
0.38065574
0.39832732
0.35460535
0.37640497
0.35997245
0.36098322
0.31964594
0.34481755
0.39169258
0.3175584
0.3783432
0.3456911
0.30464995
0.40020654
0.3656093
0.36586922
0.36137447
0.3691951
0.37240416
0.36179647
0.34018937
0.37627935
0.38531837
0.3439177
0.31582195
0.32006449
0.34738392
0.32112518
0.3875302
0.4193385
0.34201276
0.35654217
0.40734756
0.3533625
0.40792835
0.37515992
0.3103566
